0
1
2
4
5
6
7
8
9
11
12
13
14
15
17
18
19
20
22
23
24
25
26
27
28
29
31
33
34
35
36
38
39
40
41
43
44
45
46
48
49
50
51
52
54
55
57
58
60
61
62
64
65
66
67
69
70
71
72
75
76
77
78
79
81
82
83
85
86
87
88
89
90
91
92
94
96
97
98
99
101
103
105
106
107
108
109
110
112
113
114
115
117
118
120
121
123
124
125
126
127
128
130
131
133
134
135
136
137
138
139
141
142
143
144
146
147
148
149
151
152
153
154
155
156
157
158
159
160
161
162
164
166
167
168
169
170
171
173
174
175
177
178
179
180
181
182
184
185
186
187
188
189
191
192
193
194
196
197
199
